V
-1, -1, -1, -1
-1, -1, -1, 1
-1, -1, 1, -1
-1, -1, 1, 1
-1, 1, -1, -1
-1, 1, -1, 1
-1, 1, 1, -1
-1, 1, 1, 1
1, -1, -1, -1
1, -1, -1, 1
1, -1, 1, -1
1, -1, 1, 1
1, 1, -1, -1
1, 1, -1, 1
1, 1, 1, -1
1, 1, 1, 1
E
0, 2
2, 3
3, 1
1, 0
0, 4
4, 5
5, 1
4, 6
6, 2
0, 8
8, 9
9, 1
8, 10
10, 2
8, 12
12, 4
6, 7
7, 5
7, 3
10, 11
11, 3
9, 11
9, 13
13, 5
12, 13
12, 14
14, 10
14, 6
14, 15
15, 13
15, 11
15, 7
F
4, 0, 2, 3, 1
4, 0, 4, 5, 1
4, 0, 4, 6, 2
4, 0, 8, 9, 1
4, 0, 8, 10, 2
4, 0, 8, 12, 4
4, 4, 6, 7, 5
4, 2, 6, 7, 3
4, 1, 5, 7, 3
4, 2, 10, 11, 3
4, 1, 9, 11, 3
4, 1, 9, 13, 5
4, 8, 10, 11, 9
4, 8, 12, 13, 9
4, 8, 12, 14, 10
4, 4, 12, 13, 5
4, 4, 12, 14, 6
4, 2, 10, 14, 6
4, 12, 14, 15, 13
4, 10, 14, 15, 11
4, 9, 13, 15, 11
4, 6, 14, 15, 7
4, 5, 13, 15, 7
4, 3, 11, 15, 7
C
0, 1, 2, 6, 7, 8
0, 3, 4, 9, 10, 12
1, 3, 5, 11, 13, 15
2, 4, 5, 14, 16, 17
7, 9, 17, 19, 21, 23
12, 13, 14, 18, 19, 20
8, 10, 11, 20, 22, 23
6, 15, 16, 18, 21, 22